207
249
215
66
2
77
191
153
169
100
93
81
195
247
154
231
154
65
10
20
234
19
66
95
108
187
14
120
186
216
133
134
78
28
191
236
16
181
105
120
40
152
253
104
128
161
147
146
189
142
252
47
110
160
56
105
179
120
139
138
134
80
77
225
68
183
214
198
122
200
1
20
170
143
150
37
180
250
204
12
92
237
139
154
114
191
42
70
106
69
29
140
230
201
85
247
8
81
55
53
146
24
9
175
188
54
180
45
53
122
253
200
122
149
217
23
33
10
156
67
62
38
104
47
30
70
241
61
243
219
196
22
79
68
90
187
120
41
11
63
3
193
94
74
2
117
152
88
210
114
33
60
38
188
65
215
24
7
253
42
12
48
227
202
56
94
0
176
126
184
238
170
94
180
5
139
175
140
4
223
195
183
106
26
48
72
97
64
114
138
51
100
167
141
45
211
30
177
31
115
102
49
188
130
4
50
38
136
25
95
29
13
223
255
136
86
89
122
220
61
238
90
137
221
77
159
131
107
147
54
50
117
159
136
72
240
143
156
138
36
17
13
245
121
232
240
174
2
41
86
208
15
53
118
112
66
217
203
49
62
167
28
63
29
221
208
142
120
113
17
15
194
91
22
238
119
140
6
172
185
35
80
58
150
148
184
163
151
7
147
42
127
184
78
13
232
232
17
152
233
221
106
181
233
57
242
106
72
132
8
39
187
204
72
253
253
241
157
8
153
97
127
63
253
38
25
124
25
230
43
242
138
135
252
230
237
79
169
143
219
181
51
175
141
188
132
51
11
156
67
21
36
160
4
212
18
40
47
137
213
14
202
250
200
246
65
195
153
11
66
216
41
97
153
76
54
174
152
9
154
26
188
162
37
94
235
183
207
88
143
17
181
24
226
129
17
199
155
85
202
220
136
97
23
43
52
218
225
39
255
82
184
123
211
7
246
56
177
242
157
148
204
137
139
160
234
196
123
228
186
156
130
223
132
46
108
31
9
163
115
1
205
132
249
112
220
37
207
64
188
193
67
170
148
78
104
66
3
71
65
229
228
39
206
181
189
35
29
146
190
87
54
146
229
152
245
130
219
38
180
83
36
190
178
152
52
235
68
231
95
133
133
138
89
37
138
255
137
238
241
176
248
3
20
228
73
89
24
106
15
249
220
40
118
206
65
179
234
151
154
152
168
235
115
176
166
107
253
53
220
83
7
245
127
58
49
213
97
213
12
236
50
172
197
44
198
8
6
219
18
148
239
48
162
8
232
26
49
205
104
217
152
51
207
65
133
7
203
196
247
167
173
203
241
171
36
116
69
231
20
78
131
4
175
39
31
18
253
11
113
91
238
133
125
222
169
164
209
229
100
120
210
202
34
96
49
148
34
100
134
214
171
199
69
159
75
151
119
6
80
129
72
81
237
71
171
198
130
130
45
2
213
188
160
69
109
251
43
82
178
67
81
145
93
128
194
55
235
219
105
2
253
11
156
24
191
165
210
14
153
255
200
91
143
24
254
212
136
13
208
87
253
137
189
139
214
166
228
219
91
96
119
240
50
53
103
112
105
242
53
118
223
235
190
13
202
97
165
111
6
26
10
163
50
162
255
145
100
209
35
46
109
162
4
212
153
85
219
162
235
207
169
196
113
18
186
25
20
46
219
127
53
184
222
78
137
208
212
148
198
176
184
197
50
130
117
54
109
50
8
119
198
20
70
60
210
191
13
205
114
177
236
255
234
200
197
172
178
118
134
38
144
231
183
43
76
152
41
155
143
170
194
25
115
170
89
49
117
207
240
90
142
222
80
176
162
177
170
143
124
225
116
99
16
111
255
253
224
235
49
24
217
253
201
115
146
84
240
212
135
63
101
122
142
18
16
49
31
152
5
110
157
112
56
188
37
173
196
26
109
168
133
201
48
82
145
49
184
122
151
88
229
156
226
102
236
165
222
111
147
134
215
173
240
198
123
56
184
84
98
243
130
128
66
84
230
76
209
152
114
204
84
9
119
62
156
210
63
11
136
238
173
12
123
40
145
58
189
221
101
65
81
250
59
184
247
209
87
107
75
31
101
11
52
17
117
137
94
20
104
135
9
138
46
167
208
108
68
215
138
129
109
150
220
251
76
231
185
225
155
234
160
228
178
100
44
90
125
108
68
223
56
220
47
111
46
168
139
15
184
196
204
105
180
254
255
132
114
132
215
132
20
42
24
229
125
232
232
151
103
200
177
142
198
6
236
237
82
145
12
94
5
22
221
209
199
176
122
85
139
134
215
119
117
208
198
32
77
195
179
151
14
252
197
205
146
222
70
150
144
109
49
7
200
